0.000000 1.103243
0.100000 0.761627
0.200000 3.121392
0.300000 1.530115
0.400000 1.249392
0.500000 1.737050
0.600000 -0.226724
0.700000 1.404253
0.800000 0.458509
0.900000 1.619602
1.000000 1.475090
1.100000 1.065364
1.200000 0.125818
1.300000 0.784943
1.400000 0.650627
1.500000 0.569789
1.600000 0.784157
1.700000 0.897240
1.800000 1.967372
1.900000 2.174690
2.000000 2.038169
2.100000 0.764282
2.200000 -0.105045
2.300000 1.831306
2.400000 0.140976
2.500000 0.148520
2.600000 0.070413
2.700000 0.771829
2.800000 0.743642
2.900000 -0.127530
3.000000 -0.281973
3.100000 -1.723498
3.200000 -1.180740
3.300000 -1.454932
3.400000 -0.023189
3.500000 0.989618
3.600000 -0.601268
3.700000 -1.281035
3.800000 -1.884459
3.900000 -0.627718
4.000000 -1.030401
4.100000 -0.948229
4.200000 0.350158
4.300000 -2.021402
4.400000 0.886802
4.500000 -2.280574
4.600000 -0.026002
4.700000 -1.149353
4.800000 -2.016121
4.900000 -0.649705
5.000000 -0.038834
5.100000 -0.802146
5.200000 0.527694
5.300000 1.275062
5.400000 0.434789
5.500000 0.453540
5.600000 -1.934588
5.700000 -2.029242
5.800000 -2.323437
5.900000 0.911876
6.000000 -0.524206
6.100000 -0.529815
6.200000 -0.991576
6.300000 -0.305520
6.400000 -0.766761
6.500000 0.045599
6.600000 -0.896646
6.700000 0.300947
6.800000 1.143074
6.900000 2.757115
7.000000 2.240889
7.100000 0.405242
7.200000 2.020018
7.300000 1.398624
7.400000 -0.240791
7.500000 0.375748
7.600000 1.053065
7.700000 2.928598
7.800000 1.113468
7.900000 2.339343
8.000000 0.575466
8.100000 2.522467
8.200000 2.113085
8.300000 -1.165637
8.400000 1.907396
8.500000 0.693963
8.600000 -0.514468
8.700000 0.062496
8.800000 1.509307
8.900000 -0.538859
9.000000 1.167846
9.100000 0.273415
9.200000 0.779031
9.300000 -0.903388
9.400000 -0.618386
9.500000 -0.180965
9.600000 -0.624097
9.700000 -0.976494
9.800000 0.129569
9.900000 -1.668719
10.000000 -0.009072
10.100000 -1.493318
10.200000 -1.388574
10.300000 -0.250415
10.400000 1.110398
10.500000 -0.339502
10.600000 -3.558302
10.700000 -2.082057
10.800000 -1.907940
10.900000 -2.004086
11.000000 0.791057
11.100000 -0.495057
11.200000 -2.309545
11.300000 -0.772152
11.400000 -1.592798
11.500000 -2.282010
11.600000 -0.490133
11.700000 -1.435078
11.800000 -0.175100
11.900000 -0.727337
12.000000 -1.846853
12.100000 -0.940829
12.200000 -0.786183
12.300000 -0.183049
12.400000 0.301412
12.500000 -0.399628
12.600000 0.746607
12.700000 0.399614
12.800000 0.895126
12.900000 -0.839177
13.000000 0.835302
13.100000 0.044379
13.200000 0.136012
13.300000 1.404242
13.400000 -0.062905
13.500000 2.151610
13.600000 0.325805
13.700000 1.459147
13.800000 0.577673
13.900000 0.082576
14.000000 1.176171
14.100000 1.756579
14.200000 1.618545
14.300000 1.560893
14.400000 1.249662
14.500000 -0.710889
14.600000 -0.475143
14.700000 1.407255
14.800000 0.039588
14.900000 0.036230
15.000000 0.486002
15.100000 0.917033
15.200000 0.644428
15.300000 1.330351
15.400000 -0.225633
15.500000 -1.529142
15.600000 0.013923
15.700000 0.946839
15.800000 -0.935963
15.900000 0.781254
16.000000 -0.185218
16.100000 -0.112949
16.200000 -0.064346
16.300000 -1.425376
16.400000 -0.669371
16.500000 -1.878837
16.600000 -1.478202
16.700000 -0.567399
16.800000 1.263336
16.900000 -0.450973
17.000000 -1.637791
17.100000 0.170723
17.200000 -1.486181
17.300000 -0.671266
17.400000 -1.667623
17.500000 -1.249239
17.600000 -1.526346
17.700000 0.498585
17.800000 0.112061
17.900000 -1.691471
18.000000 -1.521138
18.100000 -0.473609
18.200000 -1.679938
18.300000 0.212560
18.400000 -1.633506
18.500000 1.189803
18.600000 -0.023893
18.700000 -0.120579
18.800000 1.055896
18.900000 -0.937733
19.000000 -1.185556
19.100000 1.766493
19.200000 -0.155665
19.300000 1.657524
19.400000 1.833231
19.500000 1.395146
19.600000 1.232842
19.700000 -0.039994
19.800000 1.372071
19.900000 1.436242
20.000000 1.355153
20.100000 -0.641721
20.200000 0.875110
20.300000 0.805039
20.400000 2.361917
20.500000 1.670029
20.600000 0.037369
20.700000 1.959074
20.800000 0.884246
20.900000 1.627519
21.000000 -1.066603
21.100000 0.426069
21.200000 -0.046283
21.300000 0.107818
21.400000 0.196044
21.500000 -0.169753
21.600000 -1.108838
21.700000 1.852879
21.800000 1.045621
21.900000 0.794499
22.000000 1.260212
22.100000 -0.710935
22.200000 -0.885672
22.300000 0.465936
22.400000 0.330734
22.500000 -2.223002
22.600000 1.652781
22.700000 -0.010753
22.800000 -1.003743
22.900000 -1.109533
23.000000 -1.760999
23.100000 -2.067589
23.200000 -0.372635
23.300000 0.736488
23.400000 0.515437
23.500000 0.105414
23.600000 0.363602
23.700000 -1.562842
23.800000 0.582232
23.900000 0.422481
24.000000 -2.531191
24.100000 -1.621611
24.200000 1.120329
24.300000 -0.174201
24.400000 -0.198217
24.500000 -2.261876
24.600000 -0.255731
24.700000 -0.971689
24.800000 -1.008346
24.900000 -1.742907
25.000000 0.733756
25.100000 3.492330
25.200000 0.358542
25.300000 0.817333
25.400000 1.054780
25.500000 -0.341902
25.600000 0.813563
25.700000 0.411617
25.800000 0.159713
25.900000 1.098038
26.000000 2.113497
26.100000 0.504810
26.200000 1.326484
26.300000 0.902944
26.400000 -0.257095
26.500000 1.781152
26.600000 -0.511041
26.700000 1.823341
26.800000 0.439317
26.900000 1.146571
27.000000 2.191707
27.100000 0.957816
27.200000 -1.572898
27.300000 -0.732243
27.400000 -0.751675
27.500000 -0.520254
27.600000 1.073183
27.700000 0.905900
27.800000 -0.835246
27.900000 3.416127
28.000000 -0.272068
28.100000 -2.553969
28.200000 -0.902467
28.300000 -1.114369
28.400000 -1.054576
28.500000 -0.953324
28.600000 1.093696
28.700000 -0.174259
28.800000 -0.980639
28.900000 -1.416812
29.000000 -1.321600
29.100000 -1.586416
29.200000 -1.871065
29.300000 -2.410300
29.400000 -0.351246
29.500000 -1.128781
29.600000 -1.936868
29.700000 -1.632675
29.800000 -1.006654
29.900000 -1.234222
30.000000 -0.128518
30.100000 0.157173
30.200000 0.558318
30.300000 -0.072998
30.400000 -1.267158
30.500000 1.372792
30.600000 0.811125
30.700000 -1.935929
30.800000 -0.131347
30.900000 -1.652354
31.000000 1.656135
31.100000 0.616912
31.200000 -0.585919
31.300000 -2.783368
31.400000 -2.302407
31.500000 2.134150
31.600000 -1.464750
31.700000 1.532372
31.800000 0.433625
31.900000 1.630294
32.000000 2.253590
32.100000 1.447971
32.200000 1.690734
32.300000 0.826953
32.400000 0.199311
32.500000 3.060198
32.600000 2.487103
32.700000 0.212224
32.800000 0.204005
32.900000 1.776548
33.000000 0.978936
33.100000 0.619722
33.200000 0.600986
33.300000 -0.026628
33.400000 1.207479
33.500000 3.061943
33.600000 0.768155
33.700000 -0.654460
33.800000 -2.245756
33.900000 0.493309
34.000000 -0.275669
34.100000 0.075919
34.200000 0.066425
34.300000 -1.115161
34.400000 1.352299
34.500000 1.964159
34.600000 -0.255223
34.700000 -0.540821
34.800000 -1.023302
34.900000 -0.525347
35.000000 -1.112819
35.100000 -1.522324
35.200000 0.079398
35.300000 -0.718887
35.400000 -0.797607
35.500000 -2.614084
35.600000 -0.619233
35.700000 -1.240370
35.800000 -1.663939
35.900000 -2.126263
36.000000 0.067011
36.100000 -0.346599
36.200000 -0.077843
36.300000 -0.721509
36.400000 0.377104
36.500000 -1.456372
36.600000 -1.154808
36.700000 -0.269594
36.800000 1.553611
36.900000 -0.106568
37.000000 0.190382
37.100000 0.112327
37.200000 -0.447379
37.300000 -0.472302
37.400000 -0.806667
37.500000 -0.493958
37.600000 0.330157
37.700000 0.959296
37.800000 1.424113
37.900000 -0.642814
38.000000 2.045236
38.100000 0.075534
38.200000 0.267760
38.300000 2.035709
38.400000 0.872145
38.500000 2.035219
38.600000 0.837355
38.700000 -0.395611
38.800000 0.975505
38.900000 0.216917
39.000000 1.445523
39.100000 -0.738015
39.200000 1.965189
39.300000 0.780997
39.400000 1.967436
39.500000 1.644187
39.600000 0.844760
39.700000 0.237986
39.800000 -0.805305
39.900000 0.774594
40.000000 0.569813
40.100000 1.952434
40.200000 0.185521
40.300000 1.418767
40.400000 2.171386
40.500000 -0.887406
40.600000 -1.241134
40.700000 -0.888265
40.800000 -0.696437
40.900000 -0.996745
41.000000 0.371906
41.100000 -0.353993
41.200000 -0.302967
41.300000 -1.383151
41.400000 1.335463
41.500000 -0.608484
41.600000 -0.563406
41.700000 -0.303790
41.800000 -1.233436
41.900000 0.063871
42.000000 -1.862948
42.100000 0.958378
42.200000 -0.500193
42.300000 -3.491685
42.400000 -0.775607
42.500000 -1.101514
42.600000 0.090633
42.700000 -0.089675
42.800000 0.520949
42.900000 -0.414832
43.000000 -1.533293
43.100000 -0.779328
43.200000 0.389778
43.300000 -0.317578
43.400000 -0.279766
43.500000 0.807841
43.600000 -0.230901
43.700000 0.066005
43.800000 -0.258691
43.900000 -0.473149
44.000000 2.618892
44.100000 2.554247
44.200000 -0.216255
44.300000 1.226970
44.400000 0.631328
44.500000 3.208953
44.600000 2.946063
44.700000 0.700710
44.800000 -0.387596
44.900000 0.440459
45.000000 2.202061
45.100000 1.947787
45.200000 0.118717
45.300000 1.583925
45.400000 1.546948
45.500000 1.444856
45.600000 -0.661639
45.700000 -0.361363
45.800000 -1.042048
45.900000 1.153146
46.000000 1.339929
46.100000 1.986045
46.200000 -2.168076
46.300000 -0.271904
46.400000 1.369520
46.500000 -0.429102
46.600000 -0.538717
46.700000 -0.215301
46.800000 -0.099167
46.900000 0.263141
47.000000 -0.058100
47.100000 -1.660744
47.200000 -0.414403
47.300000 -0.962115
47.400000 -0.689810
47.500000 -1.905051
47.600000 0.697011
47.700000 -0.882229
47.800000 -0.232207
47.900000 0.599996
48.000000 -0.553803
48.100000 -3.253414
48.200000 -1.389930
48.300000 -0.850753
48.400000 -0.685228
48.500000 -1.448018
48.600000 0.101505
48.700000 -0.903985
48.800000 -1.071317
48.900000 -0.114218
49.000000 -1.521655
49.100000 -1.269576
49.200000 -0.981200
49.300000 0.372635
49.400000 0.027373
49.500000 -1.947191
49.600000 -0.748841
49.700000 0.145740
49.800000 -0.398981
49.900000 -0.071309
50.000000 2.699772
50.100000 -0.629590
50.200000 1.318801
50.300000 -0.288824
50.400000 -0.233372
50.500000 0.444011
50.600000 -0.822658
50.700000 0.458540
50.800000 1.259432
50.900000 1.896249
51.000000 3.090342
51.100000 1.005984
51.200000 1.935562
51.300000 -0.400155
51.400000 1.336038
51.500000 0.427301
51.600000 0.561158
51.700000 0.743822
51.800000 0.976206
51.900000 2.028027
52.000000 0.182441
52.100000 1.071425
52.200000 0.564914
52.300000 -0.404454
52.400000 -1.518840
52.500000 0.438731
52.600000 2.237698
52.700000 0.902565
52.800000 -0.585738
52.900000 -1.146047
53.000000 -1.055291
53.100000 -0.184475
53.200000 0.114772
53.300000 -0.891408
53.400000 0.462539
53.500000 1.688238
53.600000 -0.240943
53.700000 -0.189745
53.800000 0.856658
53.900000 -3.314056
54.000000 -1.770904
54.100000 0.371397
54.200000 -0.647842
54.300000 0.337966
54.400000 -1.670517
54.500000 0.932012
54.600000 0.073132
54.700000 -0.288507
54.800000 -1.833219
54.900000 -0.894470
55.000000 -0.760813
55.100000 1.109823
55.200000 -1.210084
55.300000 -0.173443
55.400000 -1.997801
55.500000 -0.304847
55.600000 -0.105006
55.700000 -1.100419
55.800000 -0.502873
55.900000 1.593879
56.000000 0.463216
56.100000 -0.369610
56.200000 0.008649
56.300000 -0.336363
56.400000 0.636386
56.500000 -0.017526
56.600000 1.460164
56.700000 0.758819
56.800000 1.134521
56.900000 1.801969
57.000000 1.064693
57.100000 0.556663
57.200000 0.427301
57.300000 1.807458
57.400000 0.661690
57.500000 -1.070540
57.600000 0.203452
57.700000 1.520796
57.800000 2.705572
57.900000 -1.327064
58.000000 -0.481203
58.100000 -1.611339
58.200000 0.203277
58.300000 0.148840
58.400000 1.595443
58.500000 -0.975036
58.600000 1.157194
58.700000 0.696843
58.800000 1.383123
58.900000 -0.189529
59.000000 -0.314853
59.100000 0.550005
59.200000 -0.123679
59.300000 -0.847333
59.400000 -0.069927
59.500000 -0.435871
59.600000 -2.715052
59.700000 -2.380622
59.800000 -0.966558
59.900000 -1.426031
60.000000 -2.151533
60.100000 -0.303491
60.200000 0.010975
60.300000 0.317757
60.400000 -0.751914
60.500000 -0.587183
60.600000 -0.273940
60.700000 -3.648534
60.800000 0.100338
60.900000 -1.546380
61.000000 -0.159482
61.100000 0.618041
61.200000 -1.256604
61.300000 -0.407237
61.400000 -0.538768
61.500000 -1.298298
61.600000 -1.169139
61.700000 -1.358688
61.800000 1.326356
61.900000 0.461052
62.000000 0.513406
62.100000 -0.279293
62.200000 1.388179
62.300000 -1.742000
62.400000 -1.321689
62.500000 1.700444
62.600000 -0.532395
62.700000 -0.574403
62.800000 1.913890
62.900000 1.434994
63.000000 0.464718
63.100000 -0.300410
63.200000 -0.423543
63.300000 0.117287
63.400000 1.178118
63.500000 2.012645
63.600000 0.888547
63.700000 -0.431634
63.800000 0.810694
63.900000 -0.249519
64.000000 0.734266
64.100000 -1.594576
64.200000 0.099541
64.300000 1.636446
64.400000 0.175994
64.500000 2.294570
64.600000 1.167911
64.700000 -0.818037
64.800000 -0.088018
64.900000 -0.176239
65.000000 -1.231128
65.100000 0.510259
65.200000 0.807345
65.300000 1.436031
65.400000 0.743905
65.500000 -2.401595
65.600000 -0.433687
65.700000 0.149455
65.800000 -1.240804
65.900000 -1.275939
66.000000 0.087328
66.100000 -0.648097
66.200000 -1.148387
66.300000 -1.453857
66.400000 -1.870438
66.500000 -3.568066
66.600000 -2.322839
66.700000 -0.433738
66.800000 -0.546442
66.900000 0.299888
67.000000 -2.876167
67.100000 0.746779
67.200000 -2.316578
67.300000 -0.779246
67.400000 -1.379370
67.500000 -0.905191
67.600000 1.088215
67.700000 0.166887
67.800000 -0.142804
67.900000 -2.521727
68.000000 -0.763236
68.100000 -1.873820
68.200000 -0.754757
68.300000 -1.068939
68.400000 0.816112
68.500000 0.528282
68.600000 -0.471757
68.700000 0.225724
68.800000 0.717569
68.900000 -0.103200
69.000000 -0.718144
69.100000 1.082691
69.200000 1.368876
69.300000 0.539567
69.400000 1.261826
69.500000 0.752927
69.600000 -0.006384
69.700000 -0.221825
69.800000 -1.521405
69.900000 1.033079
70.000000 3.831827
70.100000 1.594016
70.200000 2.111741
70.300000 2.685045
70.400000 -0.317006
70.500000 -0.176386
70.600000 -1.802690
70.700000 0.904913
70.800000 -0.240089
70.900000 0.579911
71.000000 -1.398727
71.100000 2.100091
71.200000 1.066404
71.300000 -0.670828
71.400000 2.314366
71.500000 -2.045337
71.600000 -1.852320
71.700000 0.488570
71.800000 0.830397
71.900000 -0.631200
72.000000 -0.686684
72.100000 -1.230508
72.200000 -1.756542
72.300000 -1.699304
72.400000 -1.464659
72.500000 -0.237742
72.600000 0.322643
72.700000 -0.247233
72.800000 -0.513177
72.900000 -1.632203
73.000000 -2.691083
73.100000 -1.639309
73.200000 -2.277286
73.300000 -2.448572
73.400000 0.677335
73.500000 0.098459
73.600000 1.569191
73.700000 0.717445
73.800000 -1.513519
73.900000 -2.284473
74.000000 -2.017641
74.100000 -1.298354
74.200000 -1.645772
74.300000 0.381059
74.400000 -0.618263
74.500000 -0.973402
74.600000 0.447804
74.700000 0.342763
74.800000 0.039933
74.900000 1.122552
75.000000 0.929297
75.100000 1.182863
75.200000 0.066563
75.300000 -0.091899
75.400000 0.474156
75.500000 1.168835
75.600000 0.575201
75.700000 0.983140
75.800000 0.852778
75.900000 2.425528
76.000000 0.069084
76.100000 4.489001
76.200000 1.241650
76.300000 -0.146633
76.400000 -0.088786
76.500000 -2.590543
76.600000 1.455807
76.700000 1.305978
76.800000 1.404533
76.900000 2.928885
77.000000 1.549057
77.100000 2.262238
77.200000 0.430054
77.300000 0.671354
77.400000 1.190098
77.500000 0.945588
77.600000 -0.046988
77.700000 0.449225
77.800000 -0.528618
77.900000 -1.061093
78.000000 -2.050406
78.100000 -1.363849
78.200000 -0.958493
78.300000 -2.505369
78.400000 -0.381994
78.500000 -0.205338
78.600000 -0.274378
78.700000 -0.205197
78.800000 -2.666203
78.900000 -2.950928
79.000000 -0.886344
79.100000 -2.807998
79.200000 -0.919403
79.300000 -0.215265
79.400000 -1.045759
79.500000 -1.158015
79.600000 0.712666
79.700000 -2.372297
79.800000 -0.121118
79.900000 0.050236
80.000000 -1.764236
80.100000 -1.514501
80.200000 0.722868
80.300000 -0.854541
80.400000 0.272663
80.500000 -0.582898
80.600000 0.650104
80.700000 0.764402
80.800000 0.197214
80.900000 1.820922
81.000000 0.246273
81.100000 1.947829
81.200000 -1.006549
81.300000 0.830165
81.400000 0.098240
81.500000 0.753380
81.600000 0.804291
81.700000 0.720810
81.800000 0.055526
81.900000 0.864453
82.000000 0.618623
82.100000 0.323851
82.200000 0.398779
82.300000 0.252364
82.400000 -0.054464
82.500000 2.309901
82.600000 0.659945
82.700000 -0.020157
82.800000 0.979336
82.900000 2.652993
83.000000 -1.626208
83.100000 -0.692937
83.200000 -0.714490
83.300000 -1.699346
83.400000 -0.039989
83.500000 1.005291
83.600000 2.170957
83.700000 -0.176423
83.800000 -0.483055
83.900000 0.397131
84.000000 -0.601119
84.100000 -0.324082
84.200000 -0.746767
84.300000 1.886625
84.400000 1.625224
84.500000 -1.615633
84.600000 -1.079446
84.700000 -1.493093
84.800000 -0.433086
84.900000 -1.809900
85.000000 -0.304073
85.100000 -1.953013
85.200000 -0.428488
85.300000 -0.210299
85.400000 -2.217169
85.500000 -1.718766
85.600000 -0.480225
85.700000 0.794379
85.800000 -0.544353
85.900000 -0.359259
86.000000 1.155167
86.100000 0.140170
86.200000 -1.225451
86.300000 -0.822372
86.400000 -1.964777
86.500000 -0.325413
86.600000 0.151497
86.700000 -0.590318
86.800000 -0.329526
86.900000 1.678148
87.000000 -1.696754
87.100000 1.125813
87.200000 -0.713425
87.300000 1.772608
87.400000 0.869650
87.500000 -0.370095
87.600000 0.150310
87.700000 2.110149
87.800000 -0.071263
87.900000 1.258000
88.000000 0.661457
88.100000 -0.759057
88.200000 1.230598
88.300000 0.669069
88.400000 1.210022
88.500000 1.414956
88.600000 2.165942
88.700000 0.903828
88.800000 1.628723
88.900000 -0.800749
89.000000 0.311226
89.100000 -0.598629
89.200000 -0.656371
89.300000 1.647625
89.400000 2.929408
89.500000 1.053114
89.600000 -0.264130
89.700000 0.016848
89.800000 -0.515320
89.900000 0.949770
90.000000 0.436223
90.100000 0.322417
90.200000 1.321094
90.300000 1.679100
90.400000 -0.118546
90.500000 -1.522014
90.600000 0.333937
90.700000 -0.971472
90.800000 -0.207731
90.900000 0.414899
91.000000 -0.930941
91.100000 -1.802655
91.200000 -1.044858
91.300000 0.442183
91.400000 -1.765431
91.500000 -1.655413
91.600000 -2.132450
91.700000 0.098257
91.800000 -0.698497
91.900000 -1.371688
92.000000 -0.646600
92.100000 -2.732799
92.200000 -1.608400
92.300000 -1.073597
92.400000 -0.959513
92.500000 0.479066
92.600000 -1.302949
92.700000 0.230873
92.800000 0.710703
92.900000 0.307374
93.000000 0.158525
93.100000 -0.077201
93.200000 -0.064955
93.300000 -1.233362
93.400000 0.483384
93.500000 0.949483
93.600000 2.022594
93.700000 0.883811
93.800000 -0.080495
93.900000 0.269904
94.000000 -0.351101
94.100000 0.836359
94.200000 0.701221
94.300000 1.471440
94.400000 2.073588
94.500000 -0.069866
94.600000 0.696763
94.700000 -0.355478
94.800000 0.551020
94.900000 0.807133
95.000000 0.588665
95.100000 2.631175
95.200000 2.057145
95.300000 2.388079
95.400000 1.691956
95.500000 2.124333
95.600000 0.548272
95.700000 0.593817
95.800000 -0.189613
95.900000 -0.944455
96.000000 0.027680
96.100000 0.839036
96.200000 0.938313
96.300000 -1.162215
96.400000 -2.744868
96.500000 -0.380023
96.600000 0.107546
96.700000 -1.005329
96.800000 0.639486
96.900000 -0.469564
97.000000 -0.017982
97.100000 -0.683888
97.200000 -1.780773
97.300000 -2.365706
97.400000 -1.981551
97.500000 0.493430
97.600000 -1.957634
97.700000 0.068790
97.800000 -0.944569
97.900000 -0.841257
98.000000 -1.927821
98.100000 -0.459809
98.200000 -1.568353
98.300000 -1.401961
98.400000 -1.263432
98.500000 -0.258965
98.600000 0.392656
98.700000 -0.342645
98.800000 1.027320
98.900000 -0.790456
99.000000 -1.601822
99.100000 -1.362927
99.200000 0.349712
99.300000 1.782127
99.400000 1.022458
99.500000 0.849488
99.600000 0.559197
99.700000 0.288778
99.800000 -0.766539
99.900000 -0.199614
